dfake
0.5049
0.4857
0.4754
0.4717
0.4647
0.4575
0.4513
0.4465
0.4419
0.4359
0.4274
0.4192
0.4098
0.3987
0.3878
0.3776
0.3670
0.3570
0.3483
0.3373
0.3214
0.3078
0.2950
0.2795
0.2663
0.2467
0.2292
0.2214
0.2074
0.1901
0.1697
0.1491
0.1427
0.1287
0.1067
0.0905
0.0806
0.0798
0.0938
0.0991
0.0694
0.0429
0.0381
0.0339
0.0276
0.0353
0.0674
0.0778
0.0678
0.0328
0.0154
0.0117
0.0093
0.0087
0.0086
0.0092
0.0086
0.0088
0.0075
0.0061
0.0054
0.0047
0.0046
0.0052
0.0095
0.0289
0.0502
0.0766
0.0690
0.0522
0.0197
0.0130
0.0078
0.0048
0.0049
0.0058
0.0064
0.0062
0.0107
0.0280
0.0971
0.2735
0.1604
0.0498
0.0158
0.0059
0.0037
0.0035
0.0034
0.0032
0.0042
0.0082
0.0301
0.1288
0.3129
0.2450
0.1261
0.0318
0.0082
0.0043
0.0033
0.0026
0.0024
0.0024
0.0027
0.0039
0.0083
0.0204
0.0347
0.0367
0.0472
0.0613
0.0399
0.0232
0.0208
0.0143
0.0065
0.0094
0.0060
0.0049
0.0088
0.0084
0.0123
0.0170
0.0144
0.0124
0.0136
0.0148
0.0287
0.0953
0.1453
0.2558
0.4685
0.2157
0.0481
0.0192
0.0059
0.0031
0.0045
0.0056
0.0072
0.0642
0.1718
0.2395
0.2711
0.2315
0.1198
0.4198
0.3738
0.2736
0.4833
0.2228
0.0989
0.2108
0.1297
0.1707
0.4738
0.5299
0.6330
0.8944
0.7732
0.6867
0.8794
0.8798
0.8322
0.9463
0.9006
0.9385
0.9969
0.9978
0.9984
0.9997
0.9999
0.9999
1.0000
1.0000
1.0000
1.0000
1.0000
1.0000
