dreal
0.5038
0.5028
0.5045
0.5057
0.5092
0.5130
0.5120
0.5179
0.5243
0.5346
0.5395
0.5469
0.5537
0.5605
0.5695
0.5720
0.5824
0.5962
0.6083
0.6230
0.6358
0.6363
0.6541
0.6711
0.6743
0.6865
0.7021
0.7418
0.7619
0.7805
0.7907
0.8021
0.8280
0.8230
0.8288
0.8371
0.8419
0.8678
0.9015
0.9268
0.9226
0.9051
0.9141
0.9227
0.9247
0.9217
0.9581
0.9690
0.9809
0.9720
0.9539
0.9152
0.8836
0.8908
0.9644
0.9768
0.9787
0.9473
0.9422
0.9289
0.9159
0.8946
0.9068
0.8719
0.9330
0.9744
0.9963
0.9977
0.9978
0.9976
0.9956
0.9945
0.9882
0.9825
0.9844
0.9797
0.9835
0.9844
0.9832
0.9943
0.9984
0.9988
0.9980
0.9939
0.9957
0.9899
0.9824
0.9573
0.9569
0.9513
0.9133
0.9527
0.9859
0.9948
0.9980
0.9976
0.9866
0.9702
0.9495
0.9410
0.9230
0.8986
0.8795
0.8746
0.9093
0.9242
0.9677
0.9865
0.9895
0.9897
0.9927
0.9885
0.9846
0.9782
0.9706
0.9639
0.9387
0.8885
0.8499
0.8333
0.8591
0.8617
0.8759
0.9561
0.9511
0.9507
0.9273
0.9382
0.9519
0.8955
0.9182
0.9455
0.9780
0.9562
0.8711
0.7798
0.6437
0.4788
0.3418
0.3766
0.4771
0.7032
0.8045
0.8323
0.7346
0.6995
0.6338
0.8069
0.8269
0.7572
0.5512
0.4082
0.2885
0.3331
0.3206
0.3457
0.4750
0.5351
0.6019
0.6175
0.5774
0.5749
0.6457
0.6263
0.6261
0.5332
0.5829
0.6580
0.8197
0.9069
0.9646
0.8915
0.9406
0.9740
0.9985
0.9992
0.9996
0.9998
0.9998
0.9999
