dfake
0.4742
0.4627
0.4551
0.4485
0.4327
0.4273
0.4339
0.4257
0.4186
0.4121
0.3823
0.3759
0.3914
0.3787
0.3650
0.3552
0.3524
0.3480
0.3401
0.3281
0.3150
0.2991
0.2838
0.2710
0.2613
0.2440
0.2203
0.2048
0.2058
0.1842
0.1649
0.1488
0.1505
0.1363
0.1353
0.1078
0.0971
0.0821
0.0728
0.0699
0.0683
0.0564
0.0430
0.0393
0.0579
0.0927
0.1552
0.0949
0.0466
0.0266
0.0200
0.0138
0.0110
0.0091
0.0090
0.0100
0.0178
0.0651
0.2052
0.1868
0.1219
0.0438
0.0325
0.0281
0.0278
0.0118
0.0082
0.0070
0.0112
0.0249
0.1082
0.2839
0.3301
0.1330
0.0465
0.0229
0.0149
0.0096
0.0082
0.0092
0.0329
0.0778
0.5070
0.5969
0.6919
0.4376
0.3201
0.1103
0.0435
0.0138
0.0168
0.0104
0.0108
0.0074
0.0177
0.0131
0.0291
0.0331
0.0552
0.0708
0.1229
0.1056
0.1299
0.0533
0.1688
0.1258
0.1495
0.0676
0.0809
0.0335
0.0654
0.0377
0.0153
0.0129
0.0103
0.0057
0.0063
0.0038
0.0101
0.0054
