dreal
0.4734
0.4772
0.4775
0.4823
0.4729
0.4793
0.4906
0.4937
0.5036
0.5101
0.4891
0.4974
0.5290
0.5337
0.5338
0.5431
0.5578
0.5748
0.5818
0.5925
0.6128
0.6239
0.6249
0.6411
0.6759
0.6912
0.6694
0.6864
0.7433
0.7564
0.7566
0.7743
0.8130
0.8310
0.8666
0.8710
0.8548
0.8639
0.9127
0.9290
0.9209
0.9276
0.9227
0.9358
0.9414
0.9643
0.9797
0.9769
0.9633
0.9536
0.9172
0.8852
0.8906
0.8585
0.8761
0.9212
0.9245
0.9715
0.9916
0.9923
0.9943
0.9892
0.9659
0.9643
0.9352
0.9112
0.8642
0.8479
0.8468
0.9151
0.9551
0.9699
0.9848
0.9638
0.9305
0.8742
0.8261
0.7820
0.5800
0.5962
0.6655
0.7617
0.8387
0.8793
0.9536
0.9092
0.8372
0.6567
0.4287
0.2932
0.1102
0.0713
0.0660
0.0520
0.0832
0.0781
0.0709
0.0690
0.0395
0.0410
0.0280
0.0258
0.0302
0.0218
0.0247
0.0155
0.0195
0.0113
0.0031
0.0023
0.0022
0.0018
0.0056
0.0036
0.0010
0.0009
0.0008
0.0007
0.0007
0.0007
